2026010706 0
2026010712 2
2026011406 0
2026012106 0
2026012112 2
2026012606 1
2026012606 4
2026012806 0
2026020406 0
2026020412 2
2026021106 0
2026021806 0
2026021812 2
2026022306 1
2026022506 0
2026030406 0
2026030412 2
2026030912 3
2026031106 0
2026031806 0
2026031812 2
2026032306 1
2026032312 3
2026032506 0
2026040106 0
2026040112 2
2026040612 3
2026040806 0
2026041506 0
2026041512 2
2026042006 1
2026042012 3
2026042206 0
2026042706 4
2026042906 0
2026042912 2
2026050412 3
2026050606 0
2026051306 0
2026051312 2
2026051806 1
2026051812 3
2026052006 0
2026052706 0
2026052712 2
2026060112 3
2026060306 0
2026061006 0
2026061012 2
2026061506 1
2026061512 3
2026061706 0
2026062406 0
2026062412 2
2026062912 3
2026070106 0
2026070806 0
2026070812 2
2026071306 1
2026071312 3
2026071506 0
2026072206 0
2026072212 2
2026072712 3
2026072706 4
2026072906 0
2026080506 0
2026080512 2
2026081006 1
2026081012 3
2026081206 0
2026081906 0
2026081912 2
2026082412 3
2026082606 0
2026090206 0
2026090212 2
2026090706 1
2026090712 3
2026090906 0
2026091606 0
2026091612 2
2026092112 3
2026092306 0
2026093006 0
2026093012 2
2026100506 1
2026100512 3
2026100706 0
2026101406 0
2026101412 2
2026101912 3
2026102106 0
2026102606 4
2026102806 0
2026102812 2
2026110206 1
2026110212 3
2026110406 0
2026111106 0
2026111112 2
2026111612 3
2026111806 0
2026112506 0
2026112512 2
2026113006 1
2026113012 3
2026120206 0
2026120906 0
2026120912 2
2026121412 3
2026121606 0
2026122306 0
2026122312 2
2026122806 1
2026122812 3
2026123006 0
